t	y
0.000	0.000
0.034	0.002
0.067	0.009
0.101	0.022
0.134	0.035
0.168	0.046
0.201	0.049
0.235	0.046
0.268	0.042
0.301	0.040
0.335	0.041
0.369	0.044
0.403	0.050
0.436	0.058
0.469	0.065
0.503	0.070
0.536	0.071
0.570	0.071
0.603	0.071
0.637	0.072
0.671	0.075
0.704	0.079
0.738	0.084
0.771	0.089
0.805	0.093
0.838	0.096
0.872	0.098
0.905	0.099
0.939	0.101
0.972	0.103
1.006	0.106
1.040	0.110
1.073	0.114
1.107	0.118
1.140	0.122
1.173	0.125
1.207	0.127
1.240	0.130
1.274	0.132
1.307	0.135
1.341	0.139
1.375	0.143
1.408	0.147
1.442	0.150
1.475	0.153
1.509	0.156
1.542	0.160
1.576	0.162
1.609	0.166
1.643	0.168
1.676	0.172
1.710	0.174
1.744	0.178
1.777	0.181
1.810	0.185
1.844	0.188
1.877	0.192
1.911	0.195
1.944	0.198
1.978	0.200
2.012	0.203
2.045	0.206
2.079	0.209
2.112	0.212
2.146	0.216
2.179	0.219
2.213	0.222
2.246	0.225
2.280	0.227
2.313	0.230
2.347	0.233
2.381	0.236
2.414	0.239
2.448	0.242
2.481	0.246
