t	y
0.000	0.000
0.033	0.001
0.067	0.007
0.100	0.020
0.134	0.037
0.167	0.056
0.201	0.071
0.234	0.080
0.268	0.082
0.301	0.075
0.335	0.068
0.369	0.065
0.402	0.064
0.436	0.067
0.469	0.074
0.503	0.085
0.536	0.096
0.569	0.106
0.603	0.114
0.637	0.119
0.671	0.121
0.704	0.121
0.737	0.122
0.771	0.123
0.804	0.125
0.838	0.129
0.871	0.135
0.905	0.142
0.938	0.149
0.972	0.157
1.006	0.163
1.039	0.168
1.073	0.171
1.106	0.173
1.140	0.175
1.173	0.178
1.207	0.182
1.240	0.187
1.273	0.192
1.307	0.199
1.341	0.206
1.374	0.211
1.408	0.215
1.441	0.218
1.475	0.220
1.508	0.222
1.542	0.225
1.575	0.228
1.609	0.233
1.642	0.238
1.676	0.243
