t	y
0.000	0.000
0.034	0.002
0.067	0.008
0.101	0.016
0.134	0.025
0.168	0.031
0.201	0.032
0.235	0.031
0.268	0.031
0.302	0.032
0.335	0.035
0.369	0.040
0.403	0.046
0.436	0.051
0.470	0.054
0.503	0.055
0.536	0.055
0.570	0.056
0.603	0.058
0.637	0.062
0.671	0.065
0.704	0.069
0.738	0.073
0.771	0.075
0.805	0.077
0.838	0.079
0.872	0.081
0.905	0.083
0.939	0.087
0.972	0.090
1.006	0.093
1.040	0.096
1.073	0.099
1.107	0.101
1.140	0.104
1.174	0.106
1.207	0.109
1.240	0.112
1.274	0.115
1.307	0.118
1.341	0.121
1.375	0.124
1.408	0.126
1.442	0.129
1.475	0.132
1.509	0.135
1.542	0.138
1.576	0.141
1.609	0.144
1.642	0.147
1.676	0.150
1.710	0.153
1.744	0.156
1.777	0.159
1.810	0.162
1.844	0.165
1.877	0.167
1.911	0.171
1.944	0.174
1.978	0.176
2.012	0.179
2.045	0.181
2.079	0.184
2.112	0.187
2.146	0.190
2.179	0.193
2.213	0.196
2.246	0.198
2.280	0.201
2.313	0.203
2.347	0.205
2.381	0.208
2.414	0.211
2.448	0.213
2.481	0.216
2.514	0.218
2.548	0.220
2.581	0.222
2.615	0.225
2.648	0.227
2.682	0.229
2.716	0.231
2.749	0.233
2.783	0.235
2.816	0.237
2.850	0.239
2.883	0.241
2.917	0.244
2.950	0.245
2.984	0.247
3.017	0.249
