t	y
0.000	0.000
0.033	0.002
0.067	0.009
0.100	0.016
0.134	0.018
0.167	0.016
0.201	0.015
0.234	0.016
0.268	0.019
0.301	0.024
0.335	0.029
0.369	0.029
0.402	0.029
0.436	0.029
0.469	0.031
0.503	0.035
0.536	0.037
0.569	0.038
0.603	0.039
0.637	0.040
0.670	0.042
0.704	0.044
0.737	0.046
0.771	0.047
0.804	0.049
0.838	0.049
0.871	0.051
0.905	0.053
0.938	0.055
0.972	0.056
1.006	0.058
1.039	0.059
1.073	0.061
1.106	0.062
1.139	0.064
1.173	0.066
1.207	0.067
1.240	0.068
1.273	0.070
1.307	0.072
1.341	0.073
1.374	0.075
1.408	0.076
1.441	0.078
1.475	0.079
1.508	0.081
1.542	0.082
1.575	0.084
1.609	0.086
1.642	0.087
1.676	0.089
1.710	0.090
1.743	0.092
1.777	0.093
1.810	0.095
1.844	0.096
1.877	0.098
1.910	0.099
1.944	0.101
1.978	0.102
2.011	0.104
2.045	0.105
2.078	0.107
2.112	0.108
2.145	0.109
2.179	0.111
2.212	0.112
2.246	0.114
2.279	0.115
2.313	0.117
2.347	0.118
2.380	0.120
2.414	0.122
2.447	0.123
2.481	0.124
2.514	0.126
2.548	0.127
2.581	0.128
2.614	0.129
2.648	0.131
2.682	0.133
2.715	0.135
2.749	0.136
2.782	0.137
2.816	0.139
2.849	0.140
2.883	0.142
2.916	0.143
2.950	0.144
2.984	0.145
3.017	0.147
3.051	0.148
3.084	0.150
3.118	0.151
3.151	0.152
3.185	0.153
3.218	0.154
3.252	0.156
3.285	0.158
3.319	0.159
3.353	0.160
3.386	0.162
3.420	0.163
3.453	0.165
3.486	0.166
3.520	0.168
3.553	0.169
3.587	0.170
3.620	0.172
3.654	0.174
3.688	0.175
3.721	0.177
3.755	0.178
3.788	0.179
3.822	0.180
3.855	0.182
3.888	0.183
3.922	0.185
3.956	0.186
3.989	0.187
4.023	0.188
4.057	0.190
4.090	0.191
4.123	0.193
4.157	0.194
4.190	0.195
4.224	0.196
4.257	0.197
4.291	0.198
4.325	0.200
4.358	0.200
4.392	0.201
4.425	0.203
4.459	0.204
4.492	0.206
4.526	0.207
4.559	0.208
4.592	0.209
4.626	0.210
4.660	0.211
4.694	0.212
4.727	0.213
4.761	0.214
4.794	0.215
4.827	0.216
4.861	0.217
4.894	0.219
4.928	0.220
4.961	0.220
4.995	0.221
5.029	0.222
5.062	0.223
5.096	0.224
5.129	0.225
5.163	0.226
5.196	0.227
5.230	0.228
5.263	0.229
5.297	0.230
5.330	0.231
5.364	0.232
5.398	0.233
5.431	0.234
5.464	0.235
5.498	0.236
5.531	0.237
5.565	0.238
5.598	0.238
5.632	0.240
5.666	0.241
5.699	0.242
5.733	0.243
5.766	0.244
5.800	0.245
5.833	0.246
5.867	0.247
5.900	0.248
5.934	0.249
5.967	0.249
