t	y
0.000	0.000
0.033	0.003
0.067	0.010
0.100	0.022
0.134	0.033
0.167	0.046
0.201	0.053
0.234	0.054
0.268	0.053
0.301	0.052
0.335	0.052
0.369	0.055
0.402	0.059
0.436	0.065
0.469	0.070
0.503	0.077
0.536	0.082
0.569	0.085
0.603	0.087
0.637	0.088
0.670	0.090
0.704	0.092
0.737	0.096
0.771	0.100
0.804	0.105
0.838	0.111
0.871	0.116
0.905	0.120
0.938	0.123
0.972	0.126
1.006	0.129
1.039	0.132
1.073	0.136
1.106	0.141
1.140	0.146
1.173	0.151
1.207	0.155
1.240	0.160
1.273	0.164
1.307	0.167
1.341	0.171
1.374	0.175
1.408	0.178
1.441	0.183
1.475	0.187
1.508	0.191
1.542	0.195
1.575	0.199
1.609	0.203
1.642	0.205
1.676	0.209
1.710	0.212
1.743	0.215
1.777	0.218
1.810	0.221
1.844	0.225
1.877	0.228
1.911	0.232
1.944	0.235
1.978	0.238
2.012	0.240
2.045	0.243
2.078	0.246
