t	y
0.000	0.000
0.034	0.002
0.067	0.008
0.101	0.016
0.134	0.025
0.168	0.031
0.201	0.032
0.235	0.031
0.268	0.031
0.302	0.032
0.335	0.035
0.369	0.040
0.403	0.046
0.436	0.051
0.470	0.054
0.503	0.055
0.536	0.055
0.570	0.056
0.603	0.058
0.637	0.062
0.671	0.065
0.704	0.069
0.738	0.073
0.771	0.075
0.805	0.077
0.838	0.079
0.872	0.081
0.905	0.083
0.939	0.087
0.972	0.090
1.006	0.093
1.040	0.096
1.073	0.099
1.107	0.101
1.140	0.104
1.174	0.106
1.207	0.109
1.240	0.112
1.274	0.115
1.307	0.118
1.341	0.121
1.375	0.124
1.408	0.126
1.442	0.129
1.475	0.132
1.509	0.135
